37.504 55.7701 0
37.5271 55.8023 609
37.515 55.8056 531
37.5149 55.8055 506
37.5136 55.7968 375
37.5251 55.8157 314
37.5252 55.8158 289
37.5252 55.8158 371
37.5252 55.8159 457
37.5217 55.8003 311
37.5217 55.8003 339
37.5217 55.8003 377
37.5217 55.8003 463
37.5215 55.8003 603
37.5412 55.808 120
37.5411 55.8081 256
37.5411 55.8081 216
37.4752 55.865 359
37.4751 55.865 201
37.4751 55.865 431
37.4751 55.865 541
37.4878 55.8275 127
37.488 55.8276 151
37.4896 55.8282 113
37.4979 55.8178 472
37.537 55.8896 55
37.537 55.8896 71
37.537 55.8897 123
37.5369 55.8896 87
37.5333 55.8927 85
37.5334 55.8927 86
37.4774 55.8548 373
37.4773 55.8548 93
37.4774 55.8549 116
37.4775 55.8548 128
37.4775 55.8547 205
37.4775 55.8549 519
37.4655 55.8635 488
37.4649 55.8643 324
37.4718 55.8701 266
