60.6536 56.8066 0
60.5344 56.8275 523
60.5935 56.8013 251
60.6236 56.9029 501
60.6237 56.9029 78
60.6193 56.9006 486
60.6193 56.9006 154
60.6193 56.9006 245
60.6192 56.9006 625
60.6435 56.8614 602
60.6389 56.8621 621
60.6211 56.859 355
60.6211 56.859 515
60.6253 56.8614 565
60.6101 56.914 43
60.6118 56.914 542
60.5375 56.8676 68
60.5374 56.8676 628
60.5375 56.8678 118
60.5374 56.8678 153
60.5335 56.8655 199
60.5727 56.8297 623
60.5754 56.8248 275
60.5079 56.8248 106
60.675 56.8249 49
60.5649 56.8485 306
60.565 56.8486 305
60.553 56.8549 620
60.553 56.855 617
60.553 56.855 147
60.553 56.855 177
60.5529 56.8549 221
60.5453 56.8674 406
60.5452 56.8675 133
60.5451 56.864 92
60.5421 56.817 169
60.577 56.8217 310
60.5765 56.8216 277
60.5684 56.821 583
60.5513 56.8615 261
60.5512 56.8615 117
60.5514 56.8616 217
60.5519 56.8605 642
60.5519 56.8604 149
60.581 56.8382 537
60.5946 56.8355 502
60.5947 56.8355 400
60.595 56.8354 403
60.6048 56.8077 456
60.6562 56.8262 366
60.6564 56.8261 551
