37.7062 55.7893 0
37.8241 55.7187 350
37.8626 55.6888 86
37.8578 55.6762 47
37.8578 55.6761 99
37.8577 55.6761 126
37.8578 55.676 155
37.8578 55.676 242
37.8578 55.676 356
37.8468 55.7349 222
37.8723 55.6749 13
37.9087 55.6993 495
37.9089 55.6994 248
37.9088 55.6994 454
37.9087 55.6994 464
37.9087 55.6994 488
37.7008 55.7594 429
37.7668 55.7473 111
37.7612 55.7431 305
37.7611 55.7432 53
37.7611 55.7431 151
37.7611 55.7431 267
37.8147 55.7516 415
37.8147 55.7516 132
37.8887 55.6954 336
37.8886 55.6954 332
37.8886 55.6954 390
37.8886 55.6954 402
37.9007 55.6778 54
37.9007 55.6778 97
37.8986 55.6771 56
37.8986 55.6771 438
37.8986 55.6771 439
37.8961 55.681 446
37.9066 55.6912 208
37.9066 55.6912 328
37.9066 55.6913 461
37.9141 55.6925 409
37.8805 55.6919 283
37.947 55.7103 314
37.947 55.7103 214
37.947 55.7103 398
37.9463 55.7121 44
37.9462 55.7121 373
37.868 55.6824 189
37.8663 55.6883 110
37.8796 55.6667 236
37.8795 55.6667 65
37.8796 55.6667 89
37.8102 55.7454 226
37.8103 55.7455 122
