37.504 55.7701 0
37.5666 55.8021 649
37.482 55.8612 159
37.482 55.8612 169
37.482 55.8612 195
37.482 55.8612 428
37.4641 55.8764 366
37.4641 55.8764 279
37.4641 55.8764 343
37.4929 55.8666 147
37.4929 55.8667 439
37.4929 55.8666 616
37.4984 55.8652 632
37.4677 55.8518 260
37.4774 55.8549 177
37.4773 55.8549 29
37.4773 55.8548 85
37.4774 55.8549 104
37.4775 55.8548 115
37.4775 55.8548 397
37.5323 55.8328 705
37.5324 55.8328 538
37.5323 55.8328 478
37.5323 55.8328 503
37.5266 55.8357 475
37.5268 55.8356 572
37.499 55.8468 217
37.4989 55.8468 173
37.5105 55.8452 275
37.5104 55.8451 592
37.4676 55.8601 53
37.4676 55.8602 179
37.4676 55.8601 469
37.4714 55.8442 326
37.4714 55.8443 2
37.4718 55.8445 419
37.4717 55.8445 420
37.4717 55.8445 437
37.4704 55.8453 302
37.4704 55.8454 3
37.5248 55.8311 258
37.5248 55.831 435
37.5249 55.8311 554
37.4912 55.8395 198
37.4912 55.8395 451
37.4912 55.8395 569
37.4498 55.8804 641
37.4498 55.8803 118
37.4498 55.8804 285
37.4499 55.8805 444
37.4398 55.8694 75
