37.504 55.7701 0
37.5499 55.7789 1
37.5651 55.815 452
37.5713 55.8074 318
37.5713 55.8074 249
37.5734 55.8046 354
37.5732 55.8049 494
37.5689 55.7921 90
37.5349 55.8119 425
37.5349 55.8118 193
37.5349 55.8118 469
37.5349 55.8118 185
37.4846 55.8359 162
37.4859 55.883 12
37.4858 55.883 16
37.4858 55.883 40
37.4931 55.8754 197
37.5417 55.8915 143
37.5417 55.8914 73
37.5382 55.8943 271
37.5384 55.8943 175
37.5188 55.897 6
37.5188 55.897 141
37.5188 55.897 240
37.5364 55.897 380
37.539 55.8932 125
37.5709 55.8073 398
37.5747 55.8079 278
37.5745 55.8079 42
37.5744 55.8078 276
37.5653 55.802 336
37.5654 55.8019 321
37.5654 55.8019 323
37.5654 55.802 414
37.5653 55.8019 412
37.5801 55.8067 424
37.5048 55.8375 417
37.4778 55.8466 78
37.4761 55.8638 383
37.4183 55.8481 233
37.4182 55.8481 149
37.4183 55.8481 211
37.4183 55.8481 284
37.4051 55.8506 180
37.4102 55.85 13
37.4102 55.8499 98
37.4103 55.8499 102
37.4907 55.8031 297
37.4908 55.8031 208
37.4906 55.8031 317
37.5615 55.7863 319
